 14-Mar-2024
    17:19:54
    meshr   mse    ng   mxl
      400    43    21     3



   data read in
   go=go   file=data/co                                                         
   brvtyp=hcp     a=  4.74000  c/a= 1.62150  b/a= 0.00000
   alpha=  0.0  beta=  0.0  gamma=  0.0
   edelt= 1.0E-03  ewidth=  1.200  reltyp=nrl    sdftyp=mjw      
   magtyp=mag     record=2nd   outtyp=update  bzqlty=6       
   maxitr=100  pmix= 0.03000  mixtyp=tchb-brydn
   ntyp=  1  natm=  2  ncmpx=  1


   complex energy mesh
   1( -1.2000, 0.0000)   2( -1.1999, 0.0022)   3( -1.1993, 0.0049) 
   4( -1.1980, 0.0081)   5( -1.1956, 0.0121)   6( -1.1914, 0.0169) 
   7( -1.1845, 0.0226)   8( -1.1736, 0.0293)   9( -1.1572, 0.0371) 
  10( -1.1333, 0.0458)  11( -1.0996, 0.0554)  12( -1.0539, 0.0654) 
  13( -0.9943, 0.0754)  14( -0.9202, 0.0846)  15( -0.8322, 0.0922) 
  16( -0.7331, 0.0975)  17( -0.6274, 0.0999)  18( -0.5209, 0.0991) 
  19( -0.4193, 0.0954)  20( -0.3275, 0.0891)  21( -0.2486, 0.0811) 
  22( -0.1838, 0.0720)  23( -0.1328, 0.0627)  24( -0.0940, 0.0537) 
  25( -0.0654, 0.0454)  26( -0.0448, 0.0379)  27( -0.0304, 0.0314) 
  28( -0.0204, 0.0258)  29( -0.0135, 0.0211)  30( -0.0089, 0.0172) 
  31( -0.0059, 0.0140)  32( -0.0038, 0.0113)  33( -0.0025, 0.0091) 
  34( -0.0016, 0.0074)  35( -0.0011, 0.0059)  36( -0.0007, 0.0048) 
  37( -0.0004, 0.0038)  38( -0.0003, 0.0031)  39( -0.0002, 0.0025) 
  40( -0.0001, 0.0020)  41( -0.0001, 0.0016)  42(  0.0000, 0.0013) 
  43(  0.0000, 0.0010) 

